0.173900000000000
0.281400000000000
0.200700000000000
0.318300000000000
0.176100000000000
0.294200000000000
-0.102600000000000
-0.112700000000000
-0.220000000000000
0.0312000000000000
-0.0651000000000000
0.137600000000000
0.114600000000000
0.196900000000000
0.110600000000000
0.256700000000000
0.124500000000000
0.260600000000000
-0.0434000000000000
-0.0282000000000000
-0.129900000000000
0.0928000000000000
-0.0135000000000000
0.171200000000000
15.5000000000000
3.75000000000000
100
100
25.9000000000000
100
100
100
2307700
144230
88677
40007
175985.253057022
171827.551717817
160465.691781097
143498.582556819
132154.816580278
117757.259526890
96123.1509222101
47769.6871485284
-582511.612385361
-495568.014540016
-401439.595064046
-298366.437298524
-226797.598336150
-176162.824958230
-121906.618017586
-36062.1922059671