1.14038476075509
1.13192226112741
1.20926695528395
1.09048007036139
1.13628559277520
1.05336444953983
1.19813106503536
1.34960010160409
1.19136302811978
0.0801288133719056
1.07887731339306
1.02118905111199
1.13787024690464
1.11477846742877
1.21699758343804
1.06413046999594
1.09950472094467
1.03453507863267
1.34563772827172
0.349202451347262
1.18475689752997
0.823822368989384
-0.0222216139785217
0.949152597014051
0.984509315003319
0.950658862242417
0.294073499599057
0.283719661049148
1.04407062821840
-0.0185848960866898
-0.00906440621863973
-0.0106846402824377
1.05741590206590
0.800113685366685
0.995984243310230
0.788049841619555
1.04831696382578
1.00762460509941
0.937999312834524
0.975043506550936
0.934058583446878
0.941567444986618
0.857895343132574
0.845958373536825
1.03882897817528
1.09129991930686
1.12747106115538
1.10523855811703
1.19999939175630
1.14414749926735
1.07924481257314
0.982577855588908