1.15871190339275
1.14036958066809
1.20926756352765
1.09048067860509
1.13628620102213
1.05336505778382
1.26900584795322
1.32545645846499
0.809090909090909
0.0801282051282051
1.37019969278030
0.886627906976744
1.13787085514834
1.11477907567291
0.782097649186257
0.961575876011817
0.888353413654619
0.965848042977744
1.36175115207373
0.202127659574468
1.18475750577367
0.823275862068966
-0.0176820331823650
0.948014018691589
1.02797439768594
0.773333333333333
0.280080000000000
0.420120000000000
1.03792974650909
0.0620439323801447
0.0471816834493613
0.104733852313967
0.995860467851062
0.800000000000000
1.09400679821229
0.788049233375855
0.800000000000000
0.813177215806243
0.889281647078932
0.991645428213530
1.03175585807920
1.04110761385273
0.950040116804374
0.800000000000009
1.13583700976339
1.17869962099046
1.19326176023021
1.20000000000000
1.19999999999998
1.20000000000000
1.14986835432701
0.800000000000012