0.201499999999999
0.272017361642317
0.242699999999999
0.331959335243605
0.200100000000001
0.286264805180401
-0.118206642222072
-0.140604885479513
-0.262100000000001
0.0320255451643847
-0.0776271800000001
0.144903096286465
0.130400000000000
0.182498921459674
0.0865000000000000
0.271718841870064
0.110600000000000
0.257501484348046
-0.0515368499999994
-0.00570000000000000
-0.125677734241715
0.0764000000000000
-0.0271999999999999
0.180199999999999
15.8491144755589
3.53207643430694
30.5719484473862
37.0481117177526
29.2385658831040
-0.183150388741185
1.06849191716824
1.05593895170654
2528078.73285050
115384
82971.8731884226
31527.4856796678
140788.202445618
158633.670790149
141705.709355284
131492.805589590
114184.552591566
106163.693769389
79421.9163543855
38533.7791475874
-660903.709500927
-557249.746514886
-440595.798882805
-316401.483593885
-236106.472294829
-181078.486640220
-129574.560086099
-37546.4255101731