1.15871190339275
0.966657290839791
1.20926756352765
1.04291340007416
1.13628620102215
0.973027889804217
1.15211152263228
1.24760324294155
1.19136363636364
1.02645978090977
1.19242980030722
1.05307482766326
1.13787085514834
0.926860952055225
0.782097649186257
1.05850736996519
0.888353413654619
0.988110070406930
1.18748502304146
0.202127659574468
0.967496029574402
0.823275862068966
2.01481481481481
1.05257009345794
1.02252351455219
0.941887049148519
0.305719484473862
0.370481117177526
1.12890215764880
-0.00183150388741185
0.0106849191716824
0.0105593895170654
1.09549713257811
0.800000000000000
0.935663962339983
0.788049233375855
0.800000000000000
0.923214404233989
0.883090383884645
0.916335222597235
0.864021119670688
0.901546912656761
0.826251694752074
0.806657557286817
1.13457602466422
1.12446673345559
1.09753946621163
1.06044596188048
1.04104485244540
1.02790408068874
1.06290012956809
1.04115760061754