0.198312909895309
0.318522924281254
0.242699877925489
0.347099806396030
0.200099892887712
0.309899821054618
-0.122928247272628
-0.152099931450780
-0.262099866186352
0.00250001897720345
-0.0702349131018885
0.140515613433010
0.130399930295272
0.219499880236726
0.134599932728247
0.273162291647959
0.136888337757611
0.269599841491674
-0.0584006774069925
-0.00984750912799280
-0.153899920989143
0.0764507158422149
0.000299991788710043
0.162494924608806
15.2598943825514
3.56497073340906
29.4073499599057
28.3719661049148
27.0414292708567
-1.85848960866898
-0.906440621863973
-1.06846402824377
2440198.67719748
115400.396840437
88320.8947440213
31527.5100136736
184488.326162848
173137.668944864
150516.708624186
139917.361121290
123440.340770656
110876.401981360
82463.6035433937
40411.1668445321
-605129.943069522
-540813.334278579
-452611.526236645
-329766.090950336
-272156.980055170
-201556.255639831
-131567.085113815
-35433.9114855742