0.201499999999999
0.320900000000001
0.242699999999999
0.347100000000000
0.200099999999997
0.309900000000000
-0.130200000000000
-0.149378942869004
-0.178000000000000
0.00250000000000000
-0.0891999999999975
0.122000000000000
0.130400000000000
0.219499999999996
0.0865000000000000
0.246836527372233
0.110600000000000
0.251700000000000
-0.0590999999999999
-0.00570000000000000
-0.153900000000000
0.0764000000000000
0.000238707447961928
0.162300000000000
15.9336031641321
2.90000000000000
28.0080000000000
42.0120000000000
26.8823804345854
6.20439323801447
4.71816834493613
10.4733852313967
2298147.20165990
115384
97013.2408450713
31527.4856796678
140788.202445618
139726.250104698
142699.194686754
142299.713347591
136351.506180084
122597.979479877
91320.8495297410
38215.7497188232
-661638.247964239
-584125.830913312
-479022.517832226
-358039.724758229
-272157.118003376
-211395.389949876
-140176.562241453
-28849.7537647741